
Correct:
Quaternion omega = [ 0.0, 0.0, 3.53553E-4, 0.0 ]
[ 0.69859785, 0.0, 0.71551454, 0.0 ]
dtheta = [ -1.2648616E-4, 0.0, 1.2349569E-4, 0.0 ]
Quaternion omega = [ 0.0, 0.0, 3.53553E-4, 0.0 ]
[ 0.69847137, 0.0, 0.71563804, 0.0 ]
dtheta = [ -1.2650799E-4, 0.0, 1.2347332E-4, 0.0 ]
Quaternion omega = [ 0.0, 0.0, 3.53553E-4, 0.0 ]
[ 0.6983449, 0.0, 0.71576154, 0.0 ]
dtheta = [ -1.2652982E-4, 0.0, 1.2345097E-4, 0.0 ]
Quaternion omega = [ 0.0, 0.0, 3.53553E-4, 0.0 ]
[ 0.69821835, 0.0, 0.715885, 0.0 ]
dtheta = [ -1.2655165E-4, 0.0, 1.234286E-4, 0.0 ]
Quaternion omega = [ 0.0, 0.0, 3.53553E-4, 0.0 ]
[ 0.69809175, 0.0, 0.71600837, 0.0 ]


Incorrect:
Quaternion omega = [ 0.0, 0.0, 0.0, 3.53553E-4 ]
[ 0.7164064, 0.0, 0.0, -0.69768333 ]
dtheta = [ 1.2333402E-4, 0.0, 0.0, -1.2664382E-4 ]
Quaternion omega = [ 0.0, 0.0, 0.0, 3.53553E-4 ]
[ 0.71640307, 0.0, 0.0, -0.6976867 ]
dtheta = [ 1.2333461E-4, 0.0, 0.0, -1.2664324E-4 ]
Quaternion omega = [ 0.0, 0.0, 0.0, 3.53553E-4 ]
[ 0.7163997, 0.0, 0.0, -0.69769 ]
dtheta = [ 1.2333521E-4, 0.0, 0.0, -1.2664264E-4 ]
Quaternion omega = [ 0.0, 0.0, 0.0, 3.53553E-4 ]
[ 0.7163965, 0.0, 0.0, -0.6976934 ]
dtheta = [ 1.233358E-4, 0.0, 0.0, -1.2664207E-4 ]
Quaternion omega = [ 0.0, 0.0, 0.0, 3.53553E-4 ]
[ 0.7163932, 0.0, 0.0, -0.69769675 ]